image: test.pgm
resolution: 1
origin: [-1024.49996, -1024.49996, 0.000000]
negate: 0
occupied_thresh: 0.65
free_thresh: 0.196

